38 0 809
0 1 0
0 2 0
0 3 0
0 4 0
0 5 0
0 6 0
1 7 27
3 7 4
1 8 9
5 8 7
3 9 13
1 10 10
7 11 19
9 11 1
7 12 16
9 12 23
7 13 13
7 14 61
8 14 19
10 14 19
7 15 93
8 15 47
7 16 147
13 16 78
11 17 23
13 17 111
15 17 39
11 18 52
12 18 63
14 18 12
15 18 24
16 18 8
11 19 89
13 19 160
14 19 21
16 19 57
11 20 51
17 21 2
18 21 14
17 22 7
17 23 58
19 23 5
20 23 13
17 24 19
17 25 163
22 25 35
24 25 9
21 26 100
22 26 76
23 26 34
21 27 50
23 27 3
21 28 110
26 29 23
28 29 5
26 30 12
27 30 1
28 30 13
26 31 34
27 31 44
26 32 52
26 33 29
29 34 12
32 34 15
29 35 20
31 35 20
29 36 10
6 37 437
25 37 67
34 37 25
35 37 12
36 37 9
