46 2600 4338
0 1 47
0 2 74
0 3 17
0 4 18
0 5 140
0 6 40
0 7 15
1 8 107
3 8 65
6 8 31
4 9 30
1 10 26
3 10 72
4 10 92
3 11 16
3 12 5
3 13 32
9 14 1
11 14 20
12 14 15
13 14 15
8 15 26
9 15 182
10 15 57
12 15 80
9 16 51
11 16 36
9 17 50
11 17 106
12 17 140
13 17 56
9 18 22
11 18 3
12 18 5
9 19 5
10 19 13
12 19 38
9 20 142
16 20 11
17 20 14
19 20 6
18 21 6
14 22 72
17 22 2
18 22 31
16 23 33
16 24 8
18 24 23
14 25 73
17 25 22
19 25 33
20 25 28
14 26 133
15 26 28
16 26 16
17 26 5
18 26 151
19 26 94
14 27 7
21 28 125
23 28 11
24 28 83
27 28 78
21 29 84
23 29 133
24 29 108
25 29 26
21 30 13
21 31 102
30 31 103
30 32 1
30 33 51
30 34 23
30 35 2
28 36 25
32 37 104
32 38 1
32 39 2
33 39 47
34 39 62
35 39 170
36 39 2
32 40 1
35 40 7
32 41 1
35 41 14
32 42 166
33 42 47
34 42 20
35 42 108
32 43 128
33 43 196
34 43 109
36 43 46
32 44 82
29 45 16
31 45 28
37 45 19
39 45 24
42 45 40
43 45 36
44 45 30
