34 3095 3763
0 1 63
0 2 19
0 3 1
0 4 29
0 5 42
0 6 200
2 6 173
3 6 150
2 7 4
4 7 14
2 8 27
2 9 6
3 9 22
2 10 49
4 10 31
2 11 34
3 11 49
1 12 33
2 12 80
3 12 43
5 12 8
1 13 5
8 13 84
12 13 4
8 14 34
9 14 53
10 14 6
8 15 11
8 16 19
9 16 21
8 17 53
9 17 76
10 17 28
7 18 39
8 18 39
9 18 17
10 18 77
11 18 49
12 18 22
7 19 20
12 19 2
7 20 1
8 20 72
7 21 233
15 21 13
16 21 156
14 22 51
16 22 12
14 23 13
16 23 27
17 23 95
20 23 70
14 24 43
15 24 45
14 25 59
14 26 83
15 26 5
16 26 13
17 26 7
20 26 9
14 27 81
23 27 17
24 27 33
26 27 9
22 28 3
25 29 11
22 30 5
25 30 55
22 31 29
25 31 21
22 32 97
31 32 56
6 33 29
21 33 26
27 33 82
28 33 175
32 33 46
