61 945 3556
0 1 1
0 2 36
0 3 185
0 4 13
0 5 120
0 6 188
2 6 27
1 7 4
4 7 3
1 8 5
2 8 18
4 8 6
1 9 123
2 9 242
3 9 14
4 9 107
1 10 13
2 10 7
4 10 64
5 10 37
1 11 34
2 11 2
4 11 87
5 11 27
1 12 114
8 12 1
7 13 40
8 13 2
7 14 64
8 14 9
7 15 297
8 15 8
9 15 17
11 15 73
12 15 6
7 16 5
8 16 114
12 16 40
7 17 301
8 17 4
11 17 2
7 18 67
8 18 23
10 18 2
11 18 1
7 19 100
8 19 284
9 19 123
10 19 27
11 19 179
7 20 282
8 20 5
10 20 20
7 21 329
8 21 234
9 21 72
7 22 317
14 22 5
17 22 17
18 22 109
13 23 45
14 23 122
18 23 211
19 23 36
20 23 12
21 23 42
22 23 116
13 24 14
14 24 21
18 24 32
13 25 69
14 25 89
16 25 22
17 25 46
21 25 11
13 26 190
14 26 25
16 26 47
22 26 13
13 27 14
14 27 62
16 27 5
18 27 32
13 28 81
14 28 82
16 28 83
18 28 245
19 28 40
21 28 30
22 28 63
13 29 27
14 29 89
13 30 162
24 30 176
25 30 8
27 30 98
24 31 30
26 31 23
23 32 42
24 32 80
25 32 107
26 32 189
27 32 188
23 33 1
24 33 196
25 33 5
26 33 43
28 33 10
29 33 102
24 34 220
25 34 24
26 34 63
29 34 100
24 35 135
25 35 2
26 35 9
27 35 94
23 36 30
33 36 11
34 36 10
31 37 29
33 37 22
34 37 9
35 37 112
31 38 90
33 38 6
35 38 83
31 39 31
34 39 30
35 39 16
31 40 12
34 40 4
35 41 27
37 42 4
38 42 8
40 42 42
37 43 16
38 43 21
39 43 9
40 43 26
38 44 16
39 44 17
41 44 9
39 45 16
40 45 26
41 45 32
40 46 10
42 47 1
43 47 34
45 47 43
45 48 9
46 48 27
44 49 21
45 49 19
46 49 5
42 50 171
43 50 107
42 51 15
43 51 11
44 51 14
45 51 123
42 52 10
43 52 47
45 52 159
44 53 9
48 54 35
49 54 40
47 55 28
48 55 40
51 55 29
53 55 59
47 56 21
48 56 15
49 56 104
52 56 4
47 57 25
48 57 199
49 57 199
51 57 122
47 58 12
48 58 27
51 58 27
52 58 10
53 58 31
47 59 42
55 59 196
56 59 49
6 60 6
15 60 16
30 60 280
32 60 19
36 60 147
50 60 25
54 60 304
57 60 13
58 60 73
59 60 4
