48 1532 3028
0 1 33
0 2 1
0 3 124
0 4 26
2 4 28
2 5 30
2 6 32
1 7 4
2 7 54
2 8 22
1 9 6
2 9 110
4 9 4
1 10 42
6 10 15
9 10 12
5 11 9
6 11 16
7 11 2
5 12 24
6 12 3
8 12 19
5 13 77
6 13 31
5 14 69
6 14 145
7 14 7
8 14 29
5 15 60
11 16 3
12 16 71
13 16 77
15 16 97
12 17 23
13 17 1
11 18 9
12 18 21
13 18 9
15 18 55
11 19 52
12 19 13
15 20 23
17 21 27
18 21 2
16 22 33
17 22 74
18 22 60
20 22 93
16 23 32
17 23 5
18 23 97
20 23 33
17 24 7
18 24 25
20 24 30
17 25 9
21 26 35
24 26 20
21 27 69
24 27 81
25 27 29
21 28 234
22 28 107
24 28 215
21 29 8
24 29 20
21 30 12
26 31 15
27 31 30
29 31 9
30 31 37
26 32 92
27 32 32
29 32 7
29 33 32
30 33 7
26 34 60
27 34 4
29 34 114
30 34 109
26 35 55
27 35 103
26 36 24
33 36 56
31 37 150
33 37 66
34 37 74
35 37 3
36 37 10
31 38 69
33 38 31
36 38 13
31 39 6
33 39 92
36 39 21
31 40 211
32 40 15
33 40 246
34 40 50
35 40 11
36 40 138
31 41 89
32 41 13
35 41 22
36 41 2
31 42 145
38 42 10
39 42 25
37 43 1
38 43 72
39 43 15
37 44 13
38 44 11
39 44 65
42 44 8
38 45 26
39 45 57
37 46 9
44 46 9
45 46 43
3 47 651
10 47 486
14 47 86
19 47 51
23 47 88
28 47 27
40 47 183
41 47 150
43 47 245
46 47 137
