43 1617 3075
0 1 67
0 2 42
0 3 39
0 4 25
0 5 117
0 6 40
0 7 69
2 7 21
5 7 11
6 7 31
3 8 7
3 9 68
3 10 2
6 10 7
3 11 25
1 12 149
2 12 102
4 12 166
1 13 39
8 14 18
8 15 114
10 15 14
11 15 18
8 16 58
9 16 26
11 16 74
13 16 3
8 17 224
10 17 72
8 18 30
14 19 36
16 19 3
18 19 61
14 20 2
14 21 83
15 21 8
18 21 4
14 22 8
14 23 145
20 23 65
20 24 26
20 25 25
21 25 34
20 26 32
20 27 35
24 28 112
27 28 41
24 29 151
25 29 17
26 29 35
27 29 83
24 30 32
26 30 8
27 30 4
24 31 120
25 31 11
24 32 91
27 32 79
24 33 89
25 33 14
26 33 8
27 33 29
24 34 99
24 35 3
30 36 20
28 37 43
30 37 6
31 37 4
28 38 26
29 38 9
30 38 18
33 38 9
30 39 6
28 40 89
30 40 103
32 40 29
35 40 11
28 41 119
38 41 15
12 42 234
17 42 7
19 42 173
23 42 192
36 42 238
40 42 44
41 42 53
