38 1881 3771
0 1 91
0 2 75
0 3 31
0 4 160
0 5 10
1 6 28
2 6 19
3 6 69
2 7 13
3 7 15
5 7 89
3 8 22
5 8 36
5 9 13
9 10 4
6 11 17
7 11 55
8 11 35
9 11 80
8 12 1
9 12 49
9 13 40
6 14 2
7 14 21
8 14 17
6 15 108
11 15 100
12 15 144
14 15 163
13 16 1
10 17 4
13 17 32
10 18 2
12 18 24
10 19 8
13 19 19
10 20 29
12 20 15
13 20 77
10 21 37
17 21 67
18 21 25
16 22 29
22 23 38
22 24 33
22 25 137
24 25 56
24 26 50
23 27 4
24 27 60
23 28 24
24 28 30
23 29 108
24 29 38
23 30 14
27 30 10
26 31 39
27 31 48
26 32 3
26 33 80
27 33 1
26 34 24
27 34 38
28 34 21
30 34 4
26 35 98
27 35 73
29 35 8
26 36 189
32 36 64
33 36 17
4 37 3
15 37 23
19 37 298
20 37 566
21 37 249
25 37 3
31 37 311
34 37 45
35 37 131
36 37 190
