36 1294 2490
0 1 9
0 2 10
0 3 82
0 4 14
0 5 54
0 6 45
0 7 70
0 8 256
2 8 55
3 8 36
4 8 159
6 8 30
7 8 57
1 9 41
2 9 19
7 9 1
1 10 93
3 10 35
5 10 4
4 11 14
1 12 26
9 13 4
10 13 8
12 13 66
11 14 32
9 15 46
11 16 22
9 17 29
11 17 5
12 17 17
11 18 21
9 19 43
14 19 106
15 19 38
16 19 81
16 20 30
14 21 34
16 22 24
14 23 54
14 24 39
16 24 39
14 25 90
22 25 2
20 26 157
20 27 15
20 28 106
22 28 123
25 28 20
20 29 31
20 30 112
26 31 6
27 31 87
28 31 5
27 32 35
27 33 10
29 33 11
26 34 15
33 34 27
8 35 10
13 35 32
19 35 38
31 35 24
34 35 11
