29 740 2043
0 1 15
0 2 48
0 3 39
0 4 61
0 5 172
0 6 36
0 7 20
2 7 62
3 7 74
1 8 60
3 8 192
4 8 36
5 8 10
7 8 12
1 9 195
7 9 93
1 10 169
8 11 83
8 12 106
8 13 60
8 14 204
9 14 70
10 14 63
8 15 32
9 15 81
8 16 85
12 16 38
11 17 119
14 17 2
16 17 38
11 18 153
13 18 34
14 18 12
11 19 1
12 19 143
15 19 9
16 19 41
11 20 151
13 20 205
15 20 39
11 21 147
13 21 223
14 21 45
15 21 74
11 22 241
19 22 91
20 22 4
21 22 34
17 23 10
17 24 64
17 25 105
18 25 22
20 25 34
17 26 161
18 26 42
19 26 66
20 26 4
21 26 14
22 26 10
17 27 186
23 28 223
25 28 69
26 28 52
27 28 68
