61 1797 3505
0 1 12
0 2 65
0 3 65
0 4 60
0 5 23
0 6 43
0 7 5
0 8 18
0 9 150
3 9 34
4 9 57
8 9 18
1 10 51
2 10 79
5 10 237
6 10 225
7 10 114
1 11 53
5 11 7
1 12 135
3 12 83
4 12 11
7 12 1
1 13 29
2 13 4
5 13 86
6 13 15
1 14 162
2 14 27
3 14 67
6 14 165
1 15 164
2 15 77
9 15 25
1 16 135
3 16 97
6 16 22
7 16 25
8 16 6
1 17 33
12 17 3
11 18 99
14 18 6
16 18 15
10 19 3
12 19 52
13 19 87
15 19 17
16 19 123
11 20 105
13 20 7
16 20 11
10 21 28
11 21 32
13 21 26
15 21 9
16 21 76
11 22 8
13 22 3
16 22 21
11 23 129
12 23 11
13 23 54
14 23 7
11 24 37
20 24 38
18 25 87
21 25 14
23 25 48
22 26 18
18 27 1
18 28 57
19 28 11
24 28 14
20 29 29
18 30 53
20 30 6
22 30 118
23 30 1
18 31 176
21 31 12
24 31 139
22 32 5
26 33 101
27 33 29
32 33 46
26 34 93
27 34 6
32 34 54
26 35 6
29 35 6
26 36 14
26 37 118
30 37 62
32 37 59
26 38 19
32 38 37
25 39 41
26 39 2
30 39 155
26 40 34
25 41 4
34 41 43
35 41 126
36 41 28
37 41 1
38 41 98
40 41 71
34 42 15
36 42 58
38 42 41
40 42 23
35 43 47
38 43 35
33 44 27
35 44 15
38 44 29
34 45 1
33 46 6
34 46 40
35 46 77
36 46 19
38 46 25
40 46 40
33 47 1
34 47 28
35 47 55
36 47 98
40 47 5
33 48 47
35 48 6
37 48 32
38 48 135
41 48 12
33 49 51
35 49 130
36 49 144
37 49 14
38 49 136
33 50 5
43 50 16
45 50 29
42 51 36
44 51 5
46 51 51
47 51 5
50 51 22
42 52 20
42 53 18
42 54 2
44 54 32
46 54 12
48 54 44
42 55 31
43 55 17
42 56 115
44 56 12
45 56 125
47 56 22
48 56 4
50 56 18
42 57 23
43 57 103
48 57 96
49 57 44
42 58 26
43 58 77
46 58 10
50 58 48
42 59 48
52 59 59
55 59 22
39 60 24
51 60 31
54 60 107
56 60 91
57 60 22
59 60 20
