27 3905 5000
0 1 6
0 2 55
0 3 1
0 4 61
0 5 183
0 6 24
0 7 99
0 8 158
0 9 16
3 9 43
6 9 49
1 10 154
3 10 58
1 11 86
4 11 13
5 11 14
6 11 26
1 12 172
2 12 71
3 12 143
4 12 141
5 12 19
6 12 85
8 12 4
1 13 244
2 13 122
5 13 63
7 13 45
8 13 25
9 13 60
1 14 30
3 14 119
6 14 34
1 15 260
2 15 20
3 15 96
6 15 236
1 16 130
3 16 101
5 16 153
8 16 24
1 17 175
11 17 6
14 17 35
10 18 62
11 18 5
12 18 6
17 18 19
10 19 2
14 19 154
15 19 1
17 19 46
10 20 10
14 20 16
10 21 100
12 21 8
17 21 35
10 22 121
12 22 21
14 22 167
10 23 11
11 23 123
12 23 9
13 23 9
14 23 55
10 24 20
10 25 60
20 25 103
21 25 38
18 26 79
23 26 64
25 26 19
