39 2760 3987
0 1 100
0 2 40
0 3 11
0 4 1
0 5 12
0 6 381
0 7 210
2 7 36
2 8 1
5 8 24
1 9 59
2 9 210
3 9 72
2 10 59
5 10 19
1 11 12
2 11 138
4 11 106
7 11 29
2 12 48
5 12 25
1 13 28
2 13 7
4 13 10
5 13 85
1 14 41
9 14 67
10 14 249
12 14 211
8 15 98
9 15 2
11 15 18
8 16 27
10 16 5
12 16 33
8 17 40
10 17 85
8 18 14
16 18 67
17 18 143
15 19 4
16 19 164
17 19 75
16 20 12
15 21 5
16 21 29
17 21 68
16 22 9
17 22 18
15 23 21
16 23 10
17 23 149
15 24 13
16 24 155
16 25 26
20 26 20
22 26 38
19 27 10
20 27 15
21 27 4
22 27 133
23 27 15
25 27 82
19 28 2
20 28 169
23 28 10
19 29 17
20 29 105
22 29 27
25 29 120
19 30 3
20 30 112
21 30 19
22 30 6
20 31 7
22 31 27
19 32 22
20 32 166
22 32 113
25 32 49
19 33 42
28 33 1
26 34 80
30 34 6
26 35 18
27 35 26
28 35 12
29 35 5
30 35 25
32 35 9
26 36 186
27 36 35
33 36 3
26 37 29
6 38 16
13 38 131
14 38 69
18 38 116
24 38 26
31 38 155
34 38 39
35 38 57
36 38 32
37 38 124
