44 3343 5000
0 1 5
0 2 15
0 3 18
0 4 116
0 5 34
1 6 73
2 6 106
3 6 79
4 6 42
1 7 30
2 7 52
3 7 83
5 7 69
1 8 1
2 8 154
3 8 9
5 8 61
1 9 55
2 9 87
3 9 117
1 10 13
2 10 17
5 10 6
1 11 45
2 11 53
3 11 19
5 11 39
1 12 14
7 12 2
8 12 9
11 12 73
10 13 36
6 14 6
7 14 7
9 14 2
10 14 109
11 14 58
6 15 1
7 15 34
8 15 19
9 15 10
10 15 120
6 16 63
7 16 42
8 16 15
9 16 14
10 16 172
10 17 21
13 18 173
18 19 7
18 20 6
18 21 17
18 22 7
20 22 17
21 22 18
19 23 1
19 24 96
20 24 84
21 24 24
19 25 161
20 25 10
19 26 275
24 26 35
25 26 66
23 27 182
24 27 1
25 27 33
23 28 28
23 29 3
23 30 2
25 30 6
23 31 288
28 31 1
30 31 40
29 32 4
27 33 32
28 33 14
30 33 117
28 34 43
29 34 174
29 35 5
27 36 18
34 36 63
32 37 162
34 37 46
35 37 58
32 38 149
34 38 84
35 38 33
32 39 180
33 39 1
32 40 42
32 41 89
33 41 21
34 41 113
32 42 96
40 42 37
12 43 450
14 43 373
15 43 19
16 43 451
17 43 638
22 43 278
26 43 66
31 43 114
36 43 22
37 43 27
38 43 7
39 43 20
41 43 3
42 43 7
