56 2502 4063
0 1 32
0 2 10
0 3 50
0 4 30
0 5 8
0 6 104
0 7 23
2 7 24
1 8 44
2 8 46
5 8 26
1 9 159
2 9 45
3 9 20
6 9 23
7 9 79
1 10 111
2 10 55
4 10 35
1 11 131
2 11 142
4 11 30
5 11 52
1 12 190
9 12 39
8 13 35
8 14 41
8 15 23
10 15 20
11 15 8
8 16 6
8 17 145
9 17 167
12 17 44
8 18 18
8 19 25
14 19 50
15 19 7
18 19 24
13 20 35
14 20 21
15 20 27
16 20 66
13 21 22
14 21 43
13 22 78
14 22 47
15 22 32
16 22 84
18 22 164
13 23 11
14 23 44
18 23 80
14 24 24
16 24 10
18 24 5
13 25 28
21 25 21
24 25 85
24 26 12
20 27 10
21 27 52
24 27 139
24 28 32
24 29 29
20 30 53
27 30 23
29 30 99
26 31 106
28 31 68
29 31 103
26 32 4
28 32 15
26 33 35
27 33 13
26 34 133
27 34 8
28 34 48
29 34 87
26 35 281
27 35 73
28 35 7
29 35 217
30 35 101
26 36 27
28 36 6
29 36 41
26 37 101
28 37 16
29 37 32
26 38 6
27 38 34
26 39 14
32 39 175
36 39 9
32 40 23
36 40 6
31 41 202
32 41 197
35 41 1
36 41 47
37 41 60
38 41 133
31 42 15
32 42 112
37 42 80
39 42 2
31 43 141
40 44 1
40 45 120
40 46 17
40 47 3
41 47 24
43 47 23
40 48 57
44 49 85
45 49 21
44 50 26
46 50 12
44 51 287
45 51 24
47 51 35
48 51 89
44 52 15
46 52 2
44 53 24
46 53 8
48 53 37
44 54 210
50 54 34
52 54 38
17 55 11
19 55 479
22 55 399
23 55 488
25 55 323
33 55 212
34 55 215
42 55 53
49 55 133
51 55 14
53 55 157
54 55 113
