55 3713 4710
0 1 46
0 2 9
0 3 114
0 4 122
0 5 39
0 6 27
0 7 187
4 7 6
1 8 110
2 8 31
6 8 92
1 9 35
5 9 65
1 10 42
5 10 21
1 11 16
1 12 9
10 12 10
11 12 32
8 13 69
10 13 116
8 14 10
11 14 16
10 15 39
8 16 4
9 16 4
10 16 21
11 17 1
8 18 49
9 18 18
11 18 24
12 18 41
8 19 106
15 19 37
16 19 30
18 19 1
14 20 25
15 20 10
17 20 16
14 21 9
15 21 50
16 21 6
14 22 43
15 22 5
18 22 3
13 23 23
16 23 66
18 23 41
19 23 10
14 24 3
15 24 86
17 25 43
13 26 19
14 26 48
15 26 41
17 26 4
18 26 14
13 27 5
21 27 22
25 27 77
25 28 38
20 29 21
22 29 20
24 29 25
20 30 131
27 30 2
25 31 18
20 32 89
24 32 21
25 32 124
26 32 9
27 32 20
25 33 55
20 34 7
28 35 50
29 35 46
30 35 12
33 35 63
34 35 105
28 36 162
29 36 10
33 36 121
28 37 30
34 37 25
28 38 124
28 39 242
30 39 27
32 39 10
33 39 87
34 39 71
28 40 5
28 41 116
31 41 49
33 41 63
28 42 140
30 42 56
34 42 65
28 43 25
40 43 16
36 44 22
38 44 19
43 44 148
40 45 8
43 45 1
36 46 17
38 46 7
41 46 7
36 47 1
37 47 33
36 48 21
37 48 79
36 49 85
38 49 7
40 49 98
41 49 56
40 50 14
44 51 11
48 51 53
50 51 181
44 52 2
45 52 160
45 53 17
35 54 20
51 54 28
52 54 30
53 54 72
