47 3157 4660
0 1 39
0 2 29
0 3 4
1 4 22
2 5 7
2 6 70
4 7 19
5 7 109
5 8 4
5 9 12
5 10 63
4 11 15
5 11 59
5 12 28
7 13 4
8 13 75
10 13 68
8 14 3
12 14 9
8 15 27
9 15 4
8 16 38
14 17 4
14 18 92
14 19 12
14 20 3
14 21 25
16 21 22
14 22 15
16 22 2
13 23 38
20 23 68
22 23 27
17 24 111
18 24 24
20 24 156
21 24 26
22 24 34
23 24 4
17 25 159
18 25 133
19 25 164
17 26 1
19 26 2
17 27 18
26 28 69
27 28 9
26 29 8
26 30 32
27 30 113
26 31 93
26 32 19
24 33 38
26 33 51
24 34 22
30 34 28
31 34 70
32 34 171
28 35 24
32 35 71
28 36 41
29 36 17
28 37 13
29 37 141
30 37 45
31 37 64
29 38 19
32 38 31
28 39 17
33 39 30
29 40 2
35 41 24
38 41 144
39 41 3
40 41 89
35 42 47
37 42 23
38 42 155
38 43 18
35 44 14
36 44 44
40 44 110
35 45 13
11 46 68
25 46 18
34 46 29
41 46 21
42 46 17
44 46 28
45 46 66
