47 3637 4997
0 1 12
0 2 12
0 3 12
0 4 110
0 5 3
0 6 288
0 7 11
0 8 154
2 8 108
5 8 194
6 8 33
1 9 95
2 9 81
4 9 8
1 10 117
2 10 12
5 10 56
1 11 35
2 11 21
3 11 16
7 11 52
1 12 319
10 12 200
11 12 41
9 13 196
10 13 100
9 14 13
10 14 5
9 15 70
10 15 56
9 16 207
10 16 123
9 17 139
10 17 40
11 17 8
9 18 31
10 18 29
9 19 220
14 19 90
15 19 139
16 19 15
18 19 65
14 20 30
18 20 17
13 21 115
14 21 12
16 21 5
17 21 125
14 22 75
15 22 42
17 22 15
13 23 113
14 23 234
16 23 25
17 23 62
14 24 23
15 24 13
14 25 62
15 25 24
17 25 14
18 25 8
13 26 15
14 26 164
15 26 9
14 27 135
15 27 65
18 27 3
13 28 106
21 28 40
23 28 6
20 29 183
21 29 19
24 29 41
25 29 210
26 29 91
20 30 159
21 30 98
22 30 238
23 30 46
26 30 47
20 31 13
22 31 16
24 31 65
20 32 210
21 32 31
23 32 47
26 32 81
20 33 66
21 33 73
22 33 273
25 33 182
26 33 32
27 33 125
20 34 100
22 34 46
24 34 13
27 34 26
20 35 37
21 35 175
23 35 69
24 35 269
25 35 383
27 35 191
20 36 408
21 36 88
23 36 13
27 36 116
28 36 16
20 37 6
31 37 11
34 37 14
29 38 59
30 38 22
29 39 44
30 39 9
33 39 62
34 39 70
29 40 92
30 40 5
32 40 17
36 40 42
31 41 24
34 41 28
29 42 178
30 42 51
31 42 84
33 42 121
34 42 47
36 42 35
29 43 18
30 43 2
32 43 4
33 43 7
34 43 181
29 44 140
30 44 71
32 44 134
33 44 109
34 44 58
35 44 13
37 44 94
31 45 20
41 45 1
8 46 213
12 46 276
19 46 50
38 46 21
39 46 18
40 46 69
42 46 11
43 46 40
44 46 19
45 46 210
