36 0 636
0 1 2
0 2 13
0 3 20
0 4 31
0 5 65
0 6 18
0 7 81
0 8 84
2 8 10
3 8 19
4 8 3
1 9 47
2 9 19
5 9 4
1 10 74
2 10 25
3 10 52
4 10 17
7 10 3
1 11 15
2 11 36
3 11 58
4 11 67
7 11 18
1 12 29
2 12 77
6 12 8
7 12 32
1 13 46
2 13 30
3 13 47
4 13 16
6 13 37
7 13 1
8 13 5
1 14 118
2 14 2
4 14 19
5 14 1
7 14 23
1 15 75
2 15 73
4 15 9
8 15 56
1 16 35
9 17 72
10 17 14
9 18 42
9 19 25
10 19 33
11 19 12
14 19 3
15 19 20
9 20 59
10 20 5
13 20 1
16 20 50
9 21 108
10 21 14
12 21 59
15 21 26
9 22 93
10 22 28
12 22 52
13 22 32
14 22 44
15 22 3
9 23 31
18 23 7
17 24 16
18 24 33
19 24 19
20 24 9
18 25 1
20 25 25
18 26 9
20 26 6
17 27 12
18 27 17
20 27 2
23 27 2
17 28 3
24 29 6
25 29 31
26 29 14
28 29 18
25 30 34
26 30 6
24 31 35
25 31 54
26 31 62
28 31 15
25 32 16
26 32 1
28 32 6
25 33 8
26 33 10
28 33 25
24 34 9
30 34 33
21 35 75
22 35 48
27 35 10
29 35 7
31 35 27
32 35 3
33 35 47
34 35 1
