24 3592 4634
0 1 55
0 2 4
0 3 7
0 4 23
3 4 36
1 5 15
2 5 12
3 5 47
1 6 14
2 6 79
3 6 194
3 7 42
5 8 17
7 8 12
5 9 14
7 9 73
5 10 118
6 10 8
7 10 131
5 11 29
6 11 12
5 12 143
9 12 21
10 12 3
11 12 11
8 13 87
9 13 26
10 13 1
11 13 1
8 14 40
9 14 22
8 15 190
9 15 101
11 15 39
8 16 180
9 16 52
11 16 1
8 17 200
14 17 20
13 18 53
14 18 37
15 18 9
16 18 2
13 19 45
14 19 47
15 19 8
16 19 1
17 19 29
13 20 27
14 20 65
15 20 18
16 20 30
13 21 18
14 21 6
17 21 18
13 22 59
19 22 6
4 23 270
12 23 5
18 23 88
20 23 31
21 23 25
22 23 4
