47 3578 4886
0 1 6
0 2 1
0 3 154
0 4 24
0 5 37
0 6 7
0 7 70
0 8 32
2 8 227
5 8 1
1 9 17
2 9 7
4 9 4
1 10 8
2 10 72
4 10 8
6 10 1
1 11 86
2 11 170
4 11 12
6 11 16
1 12 287
2 12 58
3 12 28
7 12 11
1 13 216
2 13 296
4 13 54
5 13 165
7 13 85
1 14 159
2 14 30
4 14 17
1 15 7
10 15 32
11 15 5
9 16 12
10 16 26
11 16 25
9 17 113
10 17 42
12 17 8
15 17 92
9 18 11
10 18 31
14 18 5
9 19 11
10 19 209
12 19 29
14 19 95
9 20 188
10 20 224
11 20 141
13 20 99
9 21 312
10 21 168
12 21 44
15 21 175
9 22 95
10 22 101
11 22 23
14 22 124
15 22 22
9 23 20
18 23 14
16 24 183
17 24 6
22 24 123
16 25 48
18 25 24
16 26 11
17 26 46
19 26 43
22 26 163
23 26 206
16 27 230
17 27 109
18 27 270
20 27 16
23 27 184
16 28 99
25 28 16
25 29 185
26 29 32
28 29 66
25 30 23
28 30 23
24 31 14
25 31 334
27 31 25
28 31 214
24 32 1
25 32 170
26 32 16
28 32 10
25 33 73
30 34 17
29 35 15
30 35 149
32 35 12
33 35 50
30 36 9
29 37 76
30 37 255
32 37 42
29 38 53
30 38 147
31 38 2
33 38 50
29 39 43
36 39 115
34 40 59
36 40 9
34 41 32
36 41 20
34 42 91
36 42 10
38 42 27
34 43 24
36 43 201
39 43 33
34 44 138
36 44 49
34 45 167
41 45 47
8 46 34
21 46 32
35 46 32
37 46 31
40 46 37
42 46 7
43 46 67
44 46 152
45 46 1
