51 4136 5000
0 1 123
0 2 64
0 3 23
0 4 32
0 5 20
0 6 168
0 7 205
0 8 86
0 9 56
3 9 20
1 10 69
2 10 16
3 11 15
1 12 142
2 12 35
4 12 28
6 12 4
3 13 45
5 13 28
1 14 125
2 14 6
7 14 4
8 14 15
9 14 12
3 15 27
3 16 18
5 16 6
1 17 164
2 17 112
3 17 351
6 17 1
7 17 29
8 17 34
9 17 78
1 18 84
3 18 29
1 19 20
11 19 77
15 19 92
16 19 34
10 20 3
11 20 39
13 20 205
14 20 8
18 20 23
11 21 25
13 21 1
11 22 69
13 22 3
16 22 16
11 23 201
13 23 203
15 23 97
18 23 30
19 23 3
10 24 9
11 24 61
13 24 148
14 24 1
19 24 58
11 25 11
13 25 24
15 25 32
10 26 81
11 26 368
13 26 154
14 26 110
16 26 280
17 26 42
18 26 128
19 26 102
11 27 114
22 27 9
25 27 6
20 28 68
21 28 42
22 28 176
25 28 159
20 29 18
21 29 163
22 29 185
23 29 119
24 29 16
25 29 126
21 30 36
25 30 9
21 31 44
22 31 8
25 31 38
20 32 87
29 32 1
30 33 133
31 33 105
29 34 19
30 34 118
31 34 182
30 35 94
31 35 68
30 36 34
31 36 158
30 37 11
30 38 23
31 38 45
30 39 7
37 39 127
38 39 77
35 40 10
37 40 37
33 41 50
35 41 18
36 41 35
37 41 205
39 41 41
37 42 41
37 43 1
38 43 3
33 44 34
35 44 43
39 44 3
35 45 14
37 45 125
37 46 24
37 47 91
38 47 15
33 48 4
35 48 48
36 48 2
33 49 9
42 49 120
43 49 24
46 49 70
47 49 13
12 50 0
26 50 0
27 50 0
28 50 0
32 50 0
34 50 0
40 50 0
41 50 0
44 50 0
45 50 0
48 50 0
49 50 0
