30 0 708
0 1 9
0 2 36
0 3 5
1 4 27
2 4 7
1 5 26
5 6 25
4 7 10
5 7 8
4 8 3
5 8 2
4 9 3
6 10 11
7 10 27
8 10 47
7 11 1
8 11 7
6 12 8
11 12 1
11 13 17
10 14 9
11 14 40
12 14 1
10 15 11
11 15 26
12 15 29
10 16 39
11 16 16
10 17 29
15 17 4
13 18 11
14 18 39
15 18 14
16 18 1
13 19 11
14 19 10
15 19 40
13 20 1
14 20 22
13 21 15
14 21 10
13 22 15
20 22 7
21 22 1
19 23 11
20 23 12
21 23 10
19 24 24
20 24 30
21 24 15
20 25 10
23 26 11
23 27 13
23 28 5
3 29 349
9 29 105
17 29 77
18 29 10
22 29 47
24 29 39
25 29 54
26 29 17
27 29 3
28 29 3
