33 3523 4504
0 1 73
0 2 26
0 3 104
0 4 23
0 5 44
2 6 28
4 6 7
5 6 11
4 7 31
5 7 3
5 8 51
1 9 12
7 9 45
6 10 5
7 10 15
6 11 94
7 11 95
6 12 17
7 12 74
8 12 144
6 13 77
7 13 152
8 13 91
9 13 10
7 14 17
10 15 100
11 15 12
14 15 103
10 16 32
11 16 17
10 17 52
11 17 21
12 17 29
14 18 34
10 19 205
11 19 104
14 19 8
10 20 5
15 21 8
16 21 33
20 21 61
15 22 11
16 22 5
18 22 59
15 23 28
21 24 26
22 24 3
23 24 14
21 25 17
22 25 28
21 26 169
22 26 50
21 27 65
21 28 57
22 28 1
21 29 1
22 29 116
21 30 185
22 30 5
21 31 49
27 31 24
28 31 8
3 32 430
13 32 320
17 32 279
19 32 11
24 32 178
25 32 199
26 32 78
29 32 32
30 32 1
31 32 111
