48 0 919
0 1 4
0 2 37
0 3 29
0 4 37
0 5 37
1 6 26
1 7 2
2 7 2
3 7 1
5 7 3
1 8 54
4 8 6
1 9 70
2 9 43
4 9 9
5 9 2
1 10 36
8 10 34
6 11 12
7 11 10
6 12 2
8 12 6
6 13 63
7 13 92
8 13 9
9 13 63
10 13 23
6 14 27
9 14 15
10 14 17
6 15 97
10 15 46
6 16 77
6 17 128
12 17 10
13 17 41
11 18 32
12 18 14
13 18 59
14 18 7
11 19 14
13 19 60
15 19 55
11 20 68
12 20 26
13 20 17
14 20 137
15 20 62
16 20 34
17 20 25
11 21 16
19 21 10
18 22 4
19 22 47
21 22 18
18 23 5
19 23 13
18 24 29
20 24 30
18 25 53
19 25 27
20 25 23
21 25 29
18 26 53
21 26 66
18 27 14
20 27 1
21 27 7
18 28 62
19 28 60
20 28 16
18 29 33
19 29 98
18 30 44
23 30 49
24 30 26
22 31 6
22 32 102
24 32 60
25 32 16
26 32 12
27 32 42
22 33 89
23 33 77
24 33 60
25 33 6
27 33 84
28 33 1
29 33 41
22 34 151
23 34 19
24 34 127
25 34 34
28 34 20
29 34 26
30 34 10
22 35 77
23 35 132
29 35 21
22 36 44
23 36 12
22 37 138
23 37 40
24 37 62
25 37 10
27 37 81
28 37 27
30 37 5
22 38 9
31 39 50
32 39 4
31 40 11
35 40 6
38 40 16
31 41 8
32 41 25
33 41 8
34 41 7
35 41 38
37 41 1
31 42 21
32 42 1
35 42 24
36 42 20
31 43 21
36 43 8
31 44 81
32 44 36
36 44 43
37 44 26
38 44 3
31 45 50
32 45 1
36 45 2
31 46 80
42 46 4
45 46 1
39 47 41
40 47 9
41 47 18
43 47 49
44 47 3
46 47 26
