36 666 2160
0 1 44
0 2 1
0 3 55
0 4 20
0 5 107
0 6 12
2 6 47
4 6 7
1 7 143
2 7 45
4 7 85
1 8 87
4 8 18
1 9 9
5 9 17
6 9 14
1 10 209
2 10 73
6 10 125
1 11 136
4 11 212
1 12 130
5 12 22
1 13 15
10 13 43
11 13 11
12 13 17
7 14 127
9 14 110
10 14 63
11 14 111
13 14 28
7 15 53
8 15 222
10 15 39
11 15 53
13 15 7
7 16 97
9 16 86
7 17 14
8 17 31
11 17 10
7 18 3
10 18 24
7 19 169
8 19 273
11 19 2
12 19 57
13 19 1
7 20 30
9 20 194
10 20 151
11 20 15
13 20 50
7 21 234
8 21 363
9 21 132
10 21 97
13 21 69
7 22 223
9 22 273
12 22 171
7 23 17
14 24 90
16 24 52
18 24 202
20 24 21
21 24 75
22 24 7
23 24 27
14 25 21
16 25 20
17 25 5
18 25 64
19 25 23
22 25 4
23 25 9
14 26 107
15 26 171
18 26 57
19 26 120
21 26 38
14 27 4
25 27 80
24 28 5
24 29 27
25 29 98
24 30 19
24 31 45
25 31 14
24 32 183
25 32 38
27 32 5
24 33 172
25 33 83
26 33 99
27 33 8
24 34 38
31 34 8
28 35 316
32 35 49
33 35 62
34 35 125
