56 736 2420
0 1 65
0 2 19
0 3 44
0 4 92
0 5 75
0 6 26
0 7 251
2 7 76
4 7 88
5 7 88
1 8 24
2 8 41
4 8 27
1 9 15
4 9 10
6 9 12
1 10 8
4 10 24
7 10 23
1 11 84
8 12 74
8 13 96
9 13 1
8 14 64
9 14 5
11 14 33
8 15 17
9 15 24
8 16 195
9 16 153
10 16 3
11 16 60
8 17 25
9 17 5
8 18 328
8 19 200
9 19 140
10 19 128
11 19 61
8 20 288
14 20 22
15 20 11
16 20 14
17 20 46
12 21 14
13 21 30
15 21 5
16 21 2
17 21 49
12 22 158
15 22 15
17 22 148
18 22 84
19 22 37
20 22 40
12 23 17
14 23 103
18 23 35
12 24 290
14 24 162
17 24 17
18 24 84
12 25 228
15 25 172
16 25 20
17 25 286
18 25 19
20 25 134
12 26 39
13 26 238
14 26 24
15 26 124
16 26 135
18 26 77
12 27 307
14 27 87
15 27 254
19 27 133
12 28 183
23 28 131
24 28 78
26 28 78
27 28 58
21 29 313
22 29 182
25 29 10
26 29 17
28 29 47
21 30 117
22 30 9
25 30 171
26 30 25
27 30 7
28 30 8
21 31 441
23 31 335
24 31 93
25 31 39
28 31 71
21 32 109
22 32 15
23 32 127
24 32 199
26 32 31
28 32 95
21 33 315
24 33 69
27 33 6
28 33 40
21 34 47
22 34 195
24 34 79
25 34 178
26 34 40
27 34 136
28 34 8
21 35 34
23 35 169
25 35 103
27 35 143
21 36 92
27 36 14
21 37 434
31 37 3
32 37 40
33 37 43
36 37 1
29 38 3
35 38 12
29 39 5
30 39 16
35 39 5
30 40 18
36 40 5
29 41 61
30 41 17
36 41 4
29 42 23
40 42 12
41 42 17
38 43 93
39 43 2
40 43 47
38 44 157
42 44 51
40 45 13
38 46 1
39 46 22
40 46 46
41 46 8
38 47 48
43 48 9
45 48 42
45 49 13
43 50 22
47 50 24
43 51 13
46 51 42
43 52 58
44 52 18
47 52 27
43 53 6
46 53 18
47 53 47
43 54 29
49 54 22
53 54 12
37 55 26
48 55 23
51 55 14
52 55 11
54 55 77
