44 675 2213
0 1 1
0 2 9
0 3 15
0 4 3
0 5 32
2 5 3
1 6 81
5 6 10
1 7 9
1 8 26
3 8 1
4 8 8
1 9 22
2 9 22
5 9 5
1 10 40
3 10 20
1 11 54
3 11 79
4 11 11
5 11 93
1 12 11
2 12 23
3 12 43
1 13 9
6 14 32
10 14 15
11 14 17
12 14 42
6 15 28
7 15 46
10 15 114
11 15 61
13 15 34
6 16 72
7 16 28
8 16 38
9 16 212
11 16 33
6 17 143
8 17 208
9 17 29
10 17 25
11 17 142
12 17 166
13 17 26
6 18 4
10 18 24
11 18 58
12 18 72
6 19 30
7 19 62
12 19 50
13 19 3
6 20 10
8 20 311
9 20 235
10 20 86
11 20 84
12 20 36
6 21 153
16 21 14
19 21 6
14 22 42
16 22 2
14 23 98
18 23 35
19 23 106
20 23 1
14 24 94
15 24 7
19 24 50
21 24 11
14 25 44
18 25 8
19 25 25
14 26 130
16 26 157
18 26 41
20 26 7
21 26 16
14 27 248
23 27 33
22 28 13
24 28 23
22 29 49
23 29 78
24 29 19
26 29 18
22 30 69
24 30 140
25 30 45
26 30 82
22 31 130
23 31 29
24 31 128
27 31 117
22 32 19
23 32 99
24 32 109
22 33 214
28 34 320
29 34 115
30 34 49
28 35 6
32 35 14
28 36 74
30 36 5
32 36 20
28 37 230
29 37 23
31 37 21
28 38 339
35 38 64
35 39 56
35 40 7
37 40 30
34 41 81
35 41 283
38 41 19
34 42 16
40 42 6
33 43 26
39 43 123
41 43 23
42 43 27
