28 667 1670
0 1 63
0 2 20
0 3 25
0 4 38
0 5 26
0 6 44
2 6 2
3 6 12
4 6 4
2 7 28
5 7 39
2 8 20
3 8 25
4 8 5
5 9 57
5 10 2
1 11 31
2 11 15
4 11 19
5 11 83
1 12 2
2 12 8
3 12 5
1 13 2
9 13 18
10 13 54
10 14 1
7 15 86
8 15 15
9 15 119
10 15 22
13 15 12
9 16 5
10 16 58
7 17 119
8 17 97
9 17 37
11 17 18
12 17 31
7 18 6
8 18 40
9 18 26
11 18 1
13 18 3
7 19 8
8 19 3
9 19 33
10 19 33
12 19 55
13 19 23
7 20 32
16 20 43
14 21 34
16 21 5
14 22 15
14 23 98
15 23 9
16 23 75
18 23 33
20 23 37
14 24 81
15 24 3
17 24 5
18 24 35
19 24 1
14 25 126
15 25 8
18 25 45
20 25 21
14 26 36
22 26 15
6 27 20
21 27 107
23 27 15
24 27 8
25 27 2
26 27 70
