36 472 2179
0 1 71
0 2 10
0 3 74
0 4 98
0 5 44
0 6 65
2 6 24
1 7 6
2 7 3
2 8 34
2 9 30
1 10 100
2 10 85
3 10 8
5 10 1
6 10 16
1 11 38
8 11 59
7 12 22
8 12 50
9 12 116
7 13 31
8 13 42
8 14 22
9 14 18
9 15 19
7 16 39
14 16 5
14 17 4
15 17 25
12 18 1
14 18 77
15 18 13
12 19 3
13 19 46
14 19 8
15 20 32
12 21 59
18 21 8
19 21 22
20 21 144
17 22 2
20 22 12
17 23 18
18 23 43
20 23 58
20 24 36
20 25 8
22 26 36
23 26 3
24 26 15
22 27 65
24 27 43
25 27 17
24 28 14
22 29 9
28 30 55
29 30 62
28 31 44
29 31 12
28 32 16
26 33 20
27 33 118
28 33 28
28 34 20
4 35 150
10 35 8
11 35 250
16 35 5
21 35 13
30 35 51
31 35 153
32 35 166
33 35 41
34 35 20
