dag1 52 0 1006
dag2 54 0 1078
dag3 1 0 58
dag4 62 0 1148
dag5 53 441 1749
dag6 30 394 1626
dag7 48 701 1781
dag8 23 1145 2285
dag9 1 1301 1488
dag10 40 1162 2274
dag11 1 1225 1538
dag12 45 1389 2406
dag13 1 1509 1932
dag14 1 1549 1955
dag15 35 1886 2596
dag16 1 1529 1976
dag17 1 1850 1962
dag18 1 1902 1933
dag19 1 1966 2153
dag20 37 1893 2813
dag21 1 1961 2120
dag22 1 1947 2248
dag23 59 2100 3222
dag24 1 2120 2181
dag25 1 2187 2512
dag26 35 2275 3328
dag27 1 2367 2602
dag28 51 2665 3722
dag29 24 2289 3496
dag30 24 2337 3827
dag31 1 2590 3600
dag32 1 2684 3573
dag33 32 2974 4148
dag34 62 3218 4424
dag35 1 3374 3533
dag36 59 3499 5000
dag37 1 3580 3852
dag38 50 3803 5000
dag39 55 3580 5000
dag40 46 3648 5000
dag41 3 3860 5000
dag42 2 4289 5000
dag43 1 4479 5000
dag44 1 4738 5000
dag45 15 4637 5000
